=============================================================================
||   2   | 1 2 3 | 1 2 3 || 1 2 3 |       | 1 2 3 ||     3 | 1 2 3 | 1 2 3 ||
||       | 4 5 6 | 4 5 6 || 4 5 6 |       | 4 5 6 ||       | 4 5 6 | 4 5 6 ||
||       | 7 8 9 | 7 8 9 || 7 8 9 |   8   | 7 8 9 ||       | 7 8 9 | 7 8 9 ||
-----------------------------------------------------------------------------
|| 1 2 3 |       | 1 2 3 || 1 2 3 |       | 1 2 3 || 1 2 3 |       |       ||
|| 4 5 6 |     6 | 4 5 6 || 4 5 6 |       | 4 5 6 || 4 5 6 |       | 4     ||
|| 7 8 9 |       | 7 8 9 || 7 8 9 | 7     | 7 8 9 || 7 8 9 |   8   |       ||
-----------------------------------------------------------------------------
|| 1 2 3 |     3 | 1 2 3 ||       | 1 2 3 | 1 2 3 ||   2   | 1 2 3 |       ||
|| 4 5 6 |       | 4 5 6 ||   5   | 4 5 6 | 4 5 6 ||       | 4 5 6 |       ||
|| 7 8 9 |       | 7 8 9 ||       | 7 8 9 | 7 8 9 ||       | 7 8 9 |     9 ||
=============================================================================
|| 1 2 3 | 1 2 3 | 1 2 3 || 1     | 1 2 3 |       ||       | 1 2 3 |       ||
|| 4 5 6 | 4 5 6 | 4 5 6 ||       | 4 5 6 |   5   || 4     | 4 5 6 |       ||
|| 7 8 9 | 7 8 9 | 7 8 9 ||       | 7 8 9 |       ||       | 7 8 9 |   8   ||
-----------------------------------------------------------------------------
|| 1 2 3 | 1 2 3 | 1 2 3 || 1 2 3 | 1 2 3 | 1 2 3 || 1 2 3 | 1 2 3 | 1 2 3 ||
|| 4 5 6 | 4 5 6 | 4 5 6 || 4 5 6 | 4 5 6 | 4 5 6 || 4 5 6 | 4 5 6 | 4 5 6 ||
|| 7 8 9 | 7 8 9 | 7 8 9 || 7 8 9 | 7 8 9 | 7 8 9 || 7 8 9 | 7 8 9 | 7 8 9 ||
-----------------------------------------------------------------------------
||       | 1 2 3 |   2   ||       | 1 2 3 |       || 1 2 3 | 1 2 3 | 1 2 3 ||
|| 4     | 4 5 6 |       ||       | 4 5 6 |     6 || 4 5 6 | 4 5 6 | 4 5 6 ||
||       | 7 8 9 |       || 7     | 7 8 9 |       || 7 8 9 | 7 8 9 | 7 8 9 ||
=============================================================================
||     3 | 1 2 3 | 1     || 1 2 3 | 1 2 3 |       || 1 2 3 |       | 1 2 3 ||
||       | 4 5 6 |       || 4 5 6 | 4 5 6 |       || 4 5 6 | 4     | 4 5 6 ||
||       | 7 8 9 |       || 7 8 9 | 7 8 9 | 7     || 7 8 9 |       | 7 8 9 ||
-----------------------------------------------------------------------------
||       |   2   | 1 2 3 || 1 2 3 |       | 1 2 3 || 1 2 3 |       | 1 2 3 ||
||       |       | 4 5 6 || 4 5 6 | 4     | 4 5 6 || 4 5 6 |     6 | 4 5 6 ||
|| 7     |       | 7 8 9 || 7 8 9 |       | 7 8 9 || 7 8 9 |       | 7 8 9 ||
-----------------------------------------------------------------------------
|| 1 2 3 | 1 2 3 |       || 1 2 3 | 1     | 1 2 3 || 1 2 3 | 1 2 3 |     3 ||
|| 4 5 6 | 4 5 6 | 4     || 4 5 6 |       | 4 5 6 || 4 5 6 | 4 5 6 |       ||
|| 7 8 9 | 7 8 9 |       || 7 8 9 |       | 7 8 9 || 7 8 9 | 7 8 9 |       ||
=============================================================================